wvalues = (1000.0, 1000.0, 1000.0, [10.0, 11.220184543019636, 12.589254117941675, 14.12537544622754, 15.848931924611133, 17.78279410038923, 19.952623149688797, 22.3872113856834, 25.118864315095795, 28.183829312644534, 31.622776601683793, 35.48133892335755, 39.810717055349734, 44.6683592150963, 50.11872336272725, 56.23413251903491, 63.09573444801933, 70.79457843841381, 79.43282347242814, 89.12509381337459, 100.0, 112.2018454301963, 125.89254117941675, 141.25375446227554, 158.48931924611142, 177.82794100389228, 199.52623149688787, 223.872113856834, 251.18864315095823, 281.8382931264455, 316.22776601683796, 354.8133892335753, 398.1071705534973, 446.6835921509635, 501.18723362727246, 562.341325190349, 630.957344480193, 707.945784384138, 794.3282347242822, 891.2509381337459, 1000.0])
inel = (1000.0, 1000.0, 1000.0, [0.0016378848442792433, 0.001412177253112584, 0.0012167510732726198, 0.0010478155712751868, 0.0009013730107907678, 0.0007751845365638147, 0.0006658904779432494, 0.0005719660774190036, 0.0004908725665913595, 0.0004205628977338622, 0.0003604973042841892, 0.0003086821890379627, 0.00026379481512711904, 0.00022546586138943975, 0.00019249216007589113, 0.00016395475821552415, 0.0001395323796963446, 0.0001184439941394303, 0.0001004673147466067, 8.497522451970924e-05, 7.16672130878761e-05, 6.0226841212975745e-05, 5.0426315339744064e-05, 4.20106868832133e-05, 3.4794845981148245e-05, 2.862060623470481e-05, 2.334880867827854e-05, 1.885756616758997e-05, 1.5042929254498707e-05, 1.1821865826613489e-05, 9.12103112344414e-06, 6.874743854916733e-06, 5.028167721141027e-06, 3.534512878340746e-06, 2.353077164891378e-06, 1.4503370112782328e-06, 7.952864248590486e-07, 3.6078351860968715e-07, 1.1636449562187366e-07, 2.0363619951630386e-08, 1.1315866377445884e-09])
elas = (1000.0, 1000.0, 1000.0, [0.0008354589418745444, 0.0006961960647151879, 0.0005790282214636082, 0.0004805948828561084, 0.00039802909133782884, 0.0003288870232894038, 0.0002710873611751915, 0.00022285914940077422, 0.0001826969567884899, 0.00014932233113815896, 0.00012165077711296964, 9.876326902278119e-05, 7.988193551338655e-05, 6.434924123185996e-05, 5.16100009280903e-05, 4.119615348459661e-05, 3.2713615500974105e-05, 2.5831119522191376e-05, 2.0270664465500194e-05, 1.5799327146967152e-05, 1.2222340491706979e-05, 9.3771692385988e-06, 7.128457339202274e-06, 5.363761612746611e-06, 3.989911776659912e-06, 2.9299281849865404e-06, 2.1204118429282037e-06, 1.5093360020278547e-06, 1.0541802517465626e-06, 7.203558852644717e-07, 4.798789184737134e-07, 3.102539391867827e-07, 1.9353820755998238e-07, 1.1556107525395738e-07, 6.527808253153152e-08, 3.423979582605692e-08, 1.6148417504697598e-08, 6.457480902917853e-09, 1.959022142239877e-09, 3.610049958562603e-10, 2.3764190298456587e-11])