wvalues = (100.0, 1000.0, 10000.0, [10.0, 11.220184543019636, 12.589254117941675, 14.12537544622754, 15.848931924611133, 17.78279410038923, 19.952623149688797, 22.3872113856834, 25.118864315095795, 28.183829312644534, 31.622776601683793, 35.48133892335755, 39.810717055349734, 44.6683592150963, 50.11872336272725, 56.23413251903491, 63.09573444801933, 70.79457843841381, 79.43282347242814, 89.12509381337459, 100.0, 112.2018454301963, 125.89254117941675, 141.25375446227554, 158.48931924611142, 177.82794100389228, 199.52623149688787, 223.872113856834, 251.18864315095823, 281.8382931264455, 316.22776601683796, 354.8133892335753, 398.1071705534973, 446.6835921509635, 501.18723362727246, 562.341325190349, 630.957344480193, 707.945784384138, 794.3282347242822, 891.2509381337459, 1000.0])
inel = (100.0, 1000.0, 10000.0, [0.0005387814330171504, 0.00045885655984073583, 0.00039024692165583424, 0.0003314220157043108, 0.00028104045806631733, 0.00023793761674932224, 0.000201110603967401, 0.0001696676203392227, 0.00014288808763803683, 0.00012008923424336065, 0.00010072075965868212, 8.427670066305277e-05, 7.037531730145867e-05, 5.861157225850308e-05, 4.8688823357221465e-05, 4.033689663140997e-05, 3.332079364580228e-05, 2.7439989751005023e-05, 2.2523864381919137e-05, 1.8423553960588965e-05, 1.5013407883843793e-05, 1.2185274329071865e-05, 9.845726303825821e-06, 7.91692545125236e-06, 6.331278371676511e-06, 5.031643563513478e-06, 3.969871463026809e-06, 3.106973520985175e-06, 2.407296319607917e-06, 1.8430660327011603e-06, 1.3900542050570145e-06, 1.0291055451393961e-06, 7.43440725097582e-07, 5.200577890171556e-07, 3.4796652365657383e-07, 2.185679688584206e-07, 1.2507315065336147e-07, 6.19359046112649e-08, 2.412922517522124e-08, 6.050004963429213e-09, 5.664617537388465e-10])
elas = (100.0, 1000.0, 10000.0, [0.0008354589418746096, 0.0006961960647151695, 0.0005790282214636633, 0.00048059488285615, 0.0003980290913378119, 0.0003288870232894386, 0.0002710873611752175, 0.0002228591494007962, 0.00018269695678849206, 0.00014932233113815953, 0.00012165077711298274, 9.876326903150807e-05, 7.988193551339446e-05, 6.434924123186795e-05, 5.161000092808318e-05, 4.119615348460202e-05, 3.271361550097882e-05, 2.5831119522146636e-05, 2.0270664465503447e-05, 1.579932714696995e-05, 1.222234049169258e-05, 9.377169238600658e-06, 7.128457335886584e-06, 5.363761607984831e-06, 3.989911776661047e-06, 2.929928184984241e-06, 2.1204118429289677e-06, 1.509336002028371e-06, 1.0541802517470247e-06, 7.203558852634401e-07, 4.798789184739158e-07, 3.1025393918695294e-07, 1.9353820756010539e-07, 1.1556107525407961e-07, 6.527808253123055e-08, 3.423979582591647e-08, 1.6148417504859904e-08, 6.4574809029070806e-09, 1.95902214223537e-09, 3.610049958652284e-10, 2.3764190303183284e-11])

