wvalues = (10.0, 1000.0, 1000.0, [10.0, 17.78279410038923, 31.622776601683793, 56.23413251903491, 100.0, 177.82794100389228, 316.22776601683796, 562.341325190349, 1000.0])
inel = (10.0, 1000.0, 1000.0, [0.00021367796505730518, 9.315254543296949e-05, 3.8506260866354465e-05, 1.4730135887207175e-05, 5.009689449288934e-06, 1.415021683714938e-06, 2.93034070058096e-07, 3.285333366105105e-08, 1.030517788681357e-10])
elas = (10.0, 1000.0, 1000.0, [0.0008354589418745444, 0.0003288870232894038, 0.00012165077711296964, 4.119615348459661e-05, 1.2222340491706979e-05, 2.9299281849865404e-06, 4.798789184737134e-07, 3.423979582605692e-08, 2.3764190298456587e-11])