wvalues = (100.0, 1000.0, 1000.0, [10.0, 11.220184543019636, 12.589254117941675, 14.12537544622754, 15.848931924611133, 17.78279410038923, 19.952623149688797, 22.3872113856834, 25.118864315095795, 28.183829312644534, 31.622776601683793, 35.48133892335755, 39.810717055349734, 44.6683592150963, 50.11872336272725, 56.23413251903491, 63.09573444801933, 70.79457843841381, 79.43282347242814, 89.12509381337459, 100.0, 112.2018454301963, 125.89254117941675, 141.25375446227554, 158.48931924611142, 177.82794100389228, 199.52623149688787, 223.872113856834, 251.18864315095823, 281.8382931264455, 316.22776601683796, 354.8133892335753, 398.1071705534973, 446.6835921509635, 501.18723362727246, 562.341325190349, 630.957344480193, 707.945784384138, 794.3282347242822, 891.2509381337459, 1000.0])
elas = (100.0, 1000.0, 1000.0, [0.0005387562504862133, 0.00045885769215964526, 0.0003902226688812679, 0.0003314147699324474, 0.0002810410523469566, 0.0002379184605026409, 0.0002011012097272316, 0.00016967251137730283, 0.00014288743558699455, 0.0001200857505573545, 0.00010071801765607808, 8.428962672116958e-05, 7.039168476602426e-05, 5.8614054353167744e-05, 4.869396864846045e-05, 4.0336067898409166e-05, 3.332098045805613e-05, 2.7440287745951898e-05, 2.252387557927525e-05, 1.8424385249673605e-05, 1.5013941798247193e-05, 1.2185690078278758e-05, 9.845774130766868e-06, 7.917247107797004e-06, 6.3308335235799696e-06, 5.031820972868065e-06, 3.969873122509729e-06, 3.1069301953179467e-06, 2.4073175357981003e-06, 1.8430705112568048e-06, 1.3901069124598242e-06, 1.0291091469628649e-06, 7.435144613148888e-07, 5.200511836405659e-07, 3.4788242546766274e-07, 2.1864843521854665e-07, 1.2506081072238576e-07, 6.192818725581131e-08, 2.412089108642398e-08, 6.046817143711614e-09, 5.651786414260238e-10])
inel = (100.0, 1000.0, 1000.0, [0.0008354589418745444, 0.0006961960647151879, 0.0005790282214636082, 0.0004805948828561084, 0.00039802909133782884, 0.0003288870232894038, 0.0002710873611751915, 0.00022285914940077422, 0.0001826969567884899, 0.00014932233113815896, 0.00012165077711296964, 9.876326902278119e-05, 7.988193551338655e-05, 6.434924123185996e-05, 5.16100009280903e-05, 4.119615348459661e-05, 3.2713615500974105e-05, 2.5831119522191376e-05, 2.0270664465500194e-05, 1.5799327146967152e-05, 1.2222340491706979e-05, 9.3771692385988e-06, 7.128457339202274e-06, 5.363761612746611e-06, 3.989911776659912e-06, 2.9299281849865404e-06, 2.1204118429282037e-06, 1.5093360020278547e-06, 1.0541802517465626e-06, 7.203558852644717e-07, 4.798789184737134e-07, 3.102539391867827e-07, 1.9353820755998238e-07, 1.1556107525395738e-07, 6.527808253153152e-08, 3.423979582605692e-08, 1.6148417504697598e-08, 6.457480902917853e-09, 1.959022142239877e-09, 3.610049958562603e-10, 2.3764190298456587e-11])